27828.3291148094
10602.3611530864
0.0452452394028709
-0.0173410584955486
0.018686818367312
-0.000129595027000909
76.0120809944985
-23.2367034227098
366.216582730654
-0.000167782960864797
76.0120710728117
-28.9413214479885
-0.0154989336357971
27832.0772154743
7838.80352597054
0.0448129806183038
-0.0127296381144373
0.0188642014642206
-9.04502393904097e-05
75.2859236720964
-15.4316980534341
369.809174828127
-5.17440472732025e-05
75.285919083362
-21.1922719962368
-0.142596248886844
20950.1519748442
16334.3924580166
0.0377787488551238
-0.0295717781600636
0.0225780601074885
-0.000265567743682681
58.9348270364006
-40.4081583028089
355.498460539903
-8.66167274613643e-05
58.9348242715342
-45.9457664944992
-0.164628885385433
20956.2846481359
12345.7855779785
0.0371673110634281
-0.0220171188824754
0.0229486760225139
-0.000191111142238558
57.9810673844105
-28.5265491599081
361.481100853144
8.24481547667206e-05
57.9810719040216
-34.1573355283559
-0.245126576498858
20978.9206932923
17875.6825958711
0.0380785081131898
-0.0325621468970297
0.0224354615928625
-0.000295085318936756
59.4025243779293
-45.1101946009202
353.186117339098
5.52721744209165e-05
59.4025238741703
-50.6117204294148
-0.253672269778405
20990.6142554844
11779.5685373245
0.0371243965775962
-0.0209716906203726
0.0230016494389548
-0.000180846578022512
57.9140614794815
-26.8817831662193
362.331254349606
0.000209247259473183
57.9140782926947
-32.5257339504705
-0.288747285297145
21004.5418902462
16686.981801999
0.0379131316203435
-0.0302602142538338
0.0225460339603269
-0.000272422675391038
59.1444740212228
-41.4902940591195
354.969993387113
8.14114753778542e-05
59.1444846638236
-47.0195494892644
-0.285876486857154
21005.895228757
8274.13913126834
0.0366267978764156
-0.0145584209340773
0.0233276948336748
-0.000117627382397687
57.1378568500881
-16.7923279871216
367.58883605301
0.000263351556352378
57.1378679159653
-22.518140603782
-6.57009481597077
28.1053117219546
68.341829672125
5.75010361666728
-7.27398138223966
42.3413009908014
44.2901915856089
-0.850144510998897
-26.9214526328474
37.7939474726438
20.9421230166698
-8.2155394685309
-48.4341275019927
37.706248875936
82.5460878639016
-57.0458911301263
127.388509162578
-90.4406093871607
116.522583626035
-102.149734009655
112.650118587972
-107.825883544914
311.543402422187
360.780248808368
-7.42039816792328
365.078323407317
-13.2331839185884
344.46378568747
-54.5546252592288
350.335287885457
-63.572021962256
334.342198258035
-88.749585714325
344.281369936645
-94.7726681838823
332.2248206198
-103.942854393111
347.103721199815
-107.812479611979
