22975.4182636905
12753.1173017451
0.0376305671131306
-0.0209815421114537
0.0184828563235406
-0.00015632917065729
63.2193617412383
-29.4226556659582
363.420924977355
-3.01001804456668e-06
63.2193618667302
-35.0920143829141
-0.00755583999797958
22975.8457840701
8742.0172166684
0.0371009878165673
-0.0142112776774797
0.0187407972932474
-9.8913852531819e-05
62.3296548917654
-17.9650261562766
368.635407345931
3.79041261513032e-05
62.3296560841534
-23.7157298601546
-0.0827401584095097
17277.712521392
16493.7578328327
0.0311645357391787
-0.0298601153771274
0.0225001003469904
-0.000264388302121386
48.6166482764357
-40.8862612232969
355.25957014696
-0.000167008045114112
48.6166481095298
-46.4283022775928
-0.0844566209033113
17277.2493364959
9182.29479881977
0.0302503981389185
-0.0161722538457184
0.023180586071601
-0.000129590157483103
47.1906392248137
-19.3574255862892
366.226354188735
0.000121054462396047
47.19063792117
-25.0705499054599
-18.8125403122072
21.1471334522508
43.2997340692497
-3.03798323340816
-44.8715356440453
28.9585224749495
81.99613295014
-56.2385627562355
132.749774614687
-82.280664729262
311.999576042192
357.692287974629
-5.85078929333349
364.119335219897
-8.84631033126304
347.214535767435
-32.7241067379802
360.411028950125
-34.9283280833745
